<?xml version="1.0"?>
<opencv_storage>
<!-- LZ_Calibration_Result -->
<calibration_time>"11/25/14 19:32:19"</calibration_time>
<Average_reproject_error_Standard_camera>1.6242548654272981e-001</Average_reproject_error_Standard_camera>
<Average_reproject_error_Second_camera>1.3768460751913705e-001</Average_reproject_error_Second_camera>
<Stereo_reproject_error>1.7537248002388170e-001</Stereo_reproject_error>
<Epipolar_error>2.2707991827101934e-001</Epipolar_error>
<Rectified_Epipolar_error>1.0819102351328061e-001</Rectified_Epipolar_error>
<Rectified_3D_error>5.4209892092233847e-001</Rectified_3D_error>
<Rectify_new_image_size>
  1200 1500</Rectify_new_image_size>
<P1 type_id="opencv-matrix">
  <rows>3</rows>
  <cols>4</cols>
  <dt>d</dt>
  <data>
    8.1485251293043530e+002 0. 6.8916942179203033e+002 0. 0.
    8.1485251293043530e+002 7.7303463667631149e+002 0. 0. 0. 1. 0.</data></P1>
<P2 type_id="opencv-matrix">
  <rows>3</rows>
  <cols>4</cols>
  <dt>d</dt>
  <data>
    8.1485251293043530e+002 0. 6.5555595159530640e+002
    -4.0330437180200272e+005 0. 8.1485251293043530e+002
    7.7303463667631149e+002 0. 0. 0. 1. 0.</data></P2>
<R1 type_id="opencv-matrix">
  <rows>3</rows>
  <cols>3</cols>
  <dt>d</dt>
  <data>
    9.9581725226703843e-001 7.9524297341063716e-003
    -9.1020651220750648e-002 -7.2057907598896557e-003
    9.9993766741105550e-001 8.5286500726671956e-003
    9.1082801158342303e-002 -7.8371011133849290e-003
    9.9581248394428579e-001</data></R1>
<R2 type_id="opencv-matrix">
  <rows>3</rows>
  <cols>3</cols>
  <dt>d</dt>
  <data>
    9.9764196203543376e-001 1.9813619396181523e-002
    -6.5711004196506967e-002 -2.0351539581679512e-002
    9.9976455311810941e-001 -7.5268296913220418e-003
    6.5546399006699257e-002 8.8464012440141702e-003
    9.9781030800562709e-001</data></R2>
<LEFT_ROI>
  170 240 879 1059</LEFT_ROI>
<RIGHT_ROI>
  171 186 876 1081</RIGHT_ROI>
<lcameramat type_id="opencv-matrix">
  <rows>3</rows>
  <cols>3</cols>
  <dt>d</dt>
  <data>
    9.2858229180745525e+002 0. 4.8999471666669484e+002 0.
    9.2514473833800741e+002 6.6199147557175729e+002 0. 0. 1.</data></lcameramat>
<rcameramat type_id="opencv-matrix">
  <rows>3</rows>
  <cols>3</cols>
  <dt>d</dt>
  <data>
    9.4653566179152335e+002 0. 4.8764309704209580e+002 0.
    9.4779471931886678e+002 6.7833875837974210e+002 0. 0. 1.</data></rcameramat>
<ldistcoeffs type_id="opencv-matrix">
  <rows>1</rows>
  <cols>5</cols>
  <dt>d</dt>
  <data>
    -1.5189755623482293e-001 1.3714327656950792e-001
    -4.6334003866033667e-003 -3.7162086140289739e-003
    1.0957420455961248e-001</data></ldistcoeffs>
<rdistcoeffs type_id="opencv-matrix">
  <rows>1</rows>
  <cols>5</cols>
  <dt>d</dt>
  <data>
    -1.4683555767803638e-001 1.9709127428600537e-001
    -2.0642223072792165e-003 -2.3269887538761099e-003
    -4.8456820018210590e-002</data></rdistcoeffs>
 <!-- resumed -->

<R type_id="opencv-matrix">
  <rows>3</rows>
  <cols>3</cols>
  <dt>f</dt>
  <data>
    -5.71866259e-002 -1.65972903e-001 9.84470785e-001 -2.51367539e-002
    -9.85532522e-001 -1.67612061e-001 -9.98046994e-001 3.43315676e-002
    -5.21872602e-002</data></R>
<T type_id="opencv-matrix">
  <rows>3</rows>
  <cols>1</cols>
  <dt>f</dt>
  <data>
    4.34322168e+003 -4.13657623e+002 2.60118195e+002</data></T>
<recsizewid>1200</recsizewid>
<recsizehei>1500</recsizehei>
</opencv_storage>
